# relative_time, cycles_done, cur_item, corpus_count, pending_total, pending_favs, map_size, saved_crashes, saved_hangs, max_depth, execs_per_sec, total_execs, edges_found, total_crashes, servers_count
61, 24, 47, 96, 0, 0, 52.10%, 1, 0, 6, 6123.48, 372238, 62, 2, 0
66, 27, 85, 96, 0, 0, 52.10%, 1, 0, 6, 6175.82, 404167, 62, 2, 0
71, 30, 10, 96, 0, 0, 52.10%, 1, 0, 6, 6205.45, 436071, 62, 2, 0
76, 33, 14, 96, 0, 0, 52.10%, 1, 0, 6, 6191.39, 468170, 62, 2, 0
81, 36, 6, 96, 0, 0, 52.10%, 1, 0, 6, 6129.81, 500093, 62, 2, 0
87, 40, 15, 96, 0, 0, 52.10%, 1, 0, 6, 6134.74, 531797, 62, 2, 0
92, 43, 10, 97, 0, 0, 52.10%, 1, 0, 6, 6198.66, 563780, 62, 3, 0
97, 46, 15, 98, 1, 0, 52.10%, 1, 0, 6, 6136.78, 595480, 62, 3, 0
102, 48, 85, 103, 1, 0, 52.10%, 1, 0, 6, 6149.94, 627223, 62, 3, 0
107, 51, 7, 104, 0, 0, 52.10%, 1, 0, 6, 6171.95, 659202, 62, 3, 0
112, 54, 100, 104, 0, 0, 52.10%, 1, 0, 6, 6183.77, 691240, 62, 3, 0
118, 56, 34, 104, 0, 0, 52.10%, 1, 0, 6, 6188.30, 723262, 62, 3, 0
123, 59, 103, 104, 0, 0, 52.10%, 1, 0, 6, 6035.67, 754678, 62, 3, 0
128, 61, 35, 104, 0, 0, 52.10%, 1, 0, 6, 6181.45, 786677, 62, 3, 0
133, 64, 14, 105, 0, 0, 52.10%, 1, 0, 6, 6124.84, 818621, 62, 3, 0
138, 66, 91, 105, 0, 0, 52.10%, 1, 0, 6, 6084.17, 849105, 62, 3, 0
143, 69, 10, 106, 0, 0, 52.10%, 1, 0, 6, 6099.85, 880605, 62, 3, 0
149, 71, 14, 106, 0, 0, 52.10%, 1, 0, 6, 6035.70, 911729, 62, 3, 0
154, 74, 13, 106, 0, 0, 52.10%, 1, 0, 6, 5912.50, 942540, 62, 3, 0
159, 76, 20, 106, 0, 0, 52.10%, 1, 0, 6, 5945.37, 972745, 62, 3, 0
164, 79, 20, 106, 0, 0, 52.10%, 1, 0, 6, 5918.52, 1003563, 62, 4, 0
169, 81, 24, 106, 0, 0, 52.10%, 2, 0, 6, 5915.94, 1033225, 62, 5, 0
174, 84, 24, 106, 0, 0, 52.10%, 2, 0, 6, 5877.19, 1062411, 62, 5, 0
179, 86, 78, 106, 0, 0, 52.10%, 2, 0, 6, 5915.12, 1092367, 62, 5, 0
184, 89, 8, 106, 0, 0, 52.10%, 2, 0, 6, 5991.93, 1123540, 62, 6, 0
190, 91, 9, 106, 0, 0, 52.10%, 2, 0, 6, 5796.36, 1153295, 62, 6, 0
195, 94, 65, 106, 0, 0, 52.10%, 2, 0, 6, 5985.08, 1183387, 62, 6, 0
200, 96, 90, 106, 0, 0, 52.10%, 2, 0, 6, 6135.25, 1215061, 62, 6, 0
205, 99, 19, 106, 0, 0, 52.10%, 2, 0, 6, 6227.31, 1247304, 62, 6, 0
210, 101, 17, 106, 0, 0, 52.10%, 3, 0, 6, 6250.33, 1279815, 62, 7, 0
215, 104, 20, 106, 0, 0, 52.10%, 3, 0, 6, 6238.90, 1311982, 62, 7, 0
220, 107, 24, 106, 0, 0, 52.10%, 3, 0, 6, 6184.52, 1343888, 62, 7, 0
226, 109, 14, 106, 0, 0, 52.10%, 3, 0, 6, 6164.94, 1375693, 62, 8, 0
231, 112, 64, 106, 0, 0, 52.10%, 3, 0, 6, 6231.49, 1408004, 62, 8, 0
236, 115, 13, 106, 0, 0, 52.10%, 3, 0, 6, 6287.55, 1440459, 62, 8, 0
241, 118, 47, 106, 0, 0, 52.10%, 3, 0, 6, 6277.99, 1472733, 62, 10, 0
246, 120, 9, 106, 0, 0, 52.10%, 3, 0, 6, 6198.50, 1503576, 62, 11, 0
251, 123, 10, 108, 0, 0, 52.10%, 3, 0, 6, 6143.00, 1535432, 62, 11, 0
256, 125, 54, 108, 0, 0, 52.10%, 3, 0, 6, 6215.41, 1567625, 62, 11, 0
262, 128, 54, 108, 0, 0, 52.10%, 3, 0, 6, 6224.15, 1600098, 62, 12, 0
267, 130, 47, 108, 0, 0, 52.10%, 3, 0, 6, 6144.92, 1631529, 62, 12, 0
272, 133, 31, 108, 0, 0, 52.10%, 3, 0, 6, 6125.86, 1663083, 62, 12, 0
277, 136, 106, 108, 0, 0, 52.10%, 3, 0, 6, 6194.79, 1694905, 62, 12, 0
282, 138, 4, 108, 0, 0, 52.10%, 3, 0, 6, 6226.69, 1727085, 62, 12, 0
287, 141, 85, 108, 0, 0, 52.10%, 3, 0, 6, 6215.57, 1758096, 62, 12, 0
292, 143, 77, 108, 0, 0, 52.10%, 3, 0, 6, 6139.83, 1790051, 62, 12, 0
298, 146, 85, 108, 0, 0, 52.10%, 3, 0, 6, 5836.95, 1819750, 62, 12, 0
303, 148, 17, 108, 0, 0, 52.10%, 3, 0, 6, 6001.98, 1850843, 62, 13, 0
308, 151, 68, 108, 0, 0, 52.10%, 3, 0, 6, 6068.01, 1882072, 62, 14, 0
313, 153, 103, 108, 0, 0, 52.10%, 3, 0, 6, 5943.55, 1913189, 62, 16, 0
318, 155, 85, 109, 1, 0, 52.10%, 3, 0, 6, 6147.40, 1945081, 62, 16, 0
323, 157, 35, 116, 2, 0, 52.10%, 3, 0, 9, 6086.42, 1976499, 62, 17, 0
328, 159, 72, 116, 0, 0, 52.10%, 3, 0, 9, 6139.10, 2007514, 62, 17, 0
333, 161, 4, 116, 0, 0, 52.10%, 3, 0, 9, 6132.25, 2038276, 62, 18, 0
339, 163, 67, 116, 0, 0, 52.10%, 3, 0, 9, 6077.70, 2069537, 62, 18, 0
343, 166, 15, 116, 0, 0, 52.10%, 3, 0, 9, 6172.85, 2099213, 62, 19, 0
