# relative_time, cycles_done, cur_item, corpus_count, pending_total, pending_favs, map_size, saved_crashes, saved_hangs, max_depth, execs_per_sec, total_execs, edges_found, total_crashes, servers_count
60, 191, 51, 120, 1, 0, 60.19%, 2, 0, 11, 45502.91, 2630046, 65, 2, 0
65, 206, 112, 120, 1, 0, 60.19%, 2, 0, 11, 44058.16, 2855941, 65, 3, 0
70, 222, 8, 120, 1, 0, 60.19%, 2, 0, 11, 45228.38, 3086046, 65, 3, 0
75, 238, 113, 120, 1, 0, 60.19%, 2, 0, 11, 45003.39, 3315533, 65, 3, 0
80, 251, 73, 120, 1, 0, 60.19%, 2, 0, 11, 40875.13, 3513569, 65, 3, 0
85, 265, 8, 120, 1, 0, 60.19%, 2, 0, 11, 42811.44, 3725769, 65, 4, 0
90, 280, 31, 120, 1, 0, 60.19%, 2, 0, 11, 44820.60, 3954388, 65, 4, 0
96, 296, 22, 120, 1, 0, 60.19%, 2, 0, 11, 45319.37, 4184293, 65, 4, 0
101, 311, 36, 120, 1, 0, 60.19%, 2, 0, 11, 44215.44, 4407267, 65, 4, 0
106, 326, 30, 120, 1, 0, 60.19%, 2, 0, 11, 43990.15, 4630426, 65, 4, 0
111, 341, 6, 120, 1, 0, 60.19%, 2, 0, 11, 44259.59, 4853656, 65, 4, 0
116, 355, 94, 120, 1, 0, 60.19%, 2, 0, 11, 43795.42, 5077761, 65, 4, 0
121, 369, 7, 120, 1, 0, 60.19%, 2, 0, 11, 44422.04, 5302462, 65, 4, 0
126, 384, 21, 120, 1, 0, 60.19%, 2, 0, 11, 43164.60, 5522419, 65, 4, 0
131, 398, 86, 120, 1, 0, 60.19%, 2, 0, 11, 42831.85, 5739310, 65, 4, 0
136, 412, 95, 120, 1, 0, 60.19%, 2, 0, 11, 43239.76, 5958892, 65, 4, 0
141, 427, 83, 120, 1, 0, 60.19%, 2, 0, 11, 43133.46, 6178989, 65, 4, 0
146, 440, 35, 120, 1, 0, 60.19%, 2, 0, 11, 42689.89, 6395103, 65, 4, 0
151, 455, 6, 120, 1, 0, 60.19%, 2, 0, 11, 43377.12, 6612730, 65, 4, 0
156, 470, 118, 120, 1, 0, 60.19%, 2, 0, 11, 44299.50, 6836656, 65, 4, 0
161, 485, 82, 120, 1, 0, 60.19%, 2, 0, 11, 43651.98, 7056105, 65, 5, 0
166, 500, 21, 120, 1, 0, 60.19%, 2, 0, 11, 43622.87, 7277009, 65, 5, 0
171, 514, 31, 120, 1, 0, 60.19%, 2, 0, 11, 43103.92, 7494666, 65, 5, 0
176, 529, 21, 120, 1, 0, 60.19%, 2, 0, 11, 43982.30, 7717886, 65, 5, 0
181, 543, 113, 120, 1, 0, 60.19%, 2, 0, 11, 44684.87, 7944257, 65, 5, 0
186, 558, 4, 120, 1, 0, 60.19%, 2, 0, 11, 45109.61, 8172309, 65, 6, 0
192, 573, 86, 120, 1, 0, 60.19%, 2, 0, 11, 44537.62, 8398976, 65, 6, 0
197, 588, 49, 120, 1, 0, 60.19%, 2, 0, 11, 43167.65, 8619213, 65, 7, 0
202, 603, 30, 120, 1, 0, 60.19%, 2, 0, 11, 44622.80, 8846620, 65, 7, 0
207, 619, 21, 120, 1, 0, 60.19%, 2, 0, 11, 44969.34, 9075705, 65, 7, 0
212, 635, 107, 120, 1, 0, 60.19%, 2, 0, 11, 44857.96, 9304398, 65, 7, 0
217, 647, 93, 120, 1, 0, 60.19%, 2, 0, 11, 40105.00, 9488354, 65, 7, 0
222, 660, 118, 120, 1, 0, 60.19%, 2, 0, 11, 42721.84, 9673038, 65, 7, 0
227, 674, 98, 120, 1, 0, 60.19%, 2, 0, 11, 43746.22, 9894647, 65, 7, 0
232, 689, 21, 120, 1, 0, 60.19%, 2, 0, 11, 43716.67, 10115070, 65, 7, 0
237, 704, 21, 120, 1, 0, 60.19%, 2, 0, 11, 43491.99, 10332303, 65, 7, 0
242, 719, 18, 120, 1, 0, 60.19%, 2, 0, 11, 43916.18, 10556154, 65, 7, 0
247, 734, 31, 120, 1, 0, 60.19%, 2, 0, 11, 44574.61, 10780120, 65, 7, 0
252, 749, 21, 120, 1, 0, 60.19%, 2, 0, 11, 44706.86, 11004735, 65, 7, 0
258, 764, 51, 120, 1, 0, 60.19%, 2, 0, 11, 45188.74, 11233811, 65, 7, 0
263, 779, 103, 120, 1, 0, 60.19%, 2, 0, 11, 45039.85, 11462646, 65, 7, 0
268, 794, 2, 120, 1, 0, 60.19%, 2, 0, 11, 44933.91, 11689191, 65, 7, 0
273, 808, 113, 120, 1, 0, 60.19%, 2, 0, 11, 44628.70, 11916500, 65, 7, 0
278, 824, 101, 120, 1, 0, 60.19%, 2, 0, 11, 44599.10, 12141417, 65, 8, 0
283, 839, 21, 120, 1, 0, 60.19%, 2, 0, 11, 43544.20, 12359231, 65, 8, 0
288, 853, 2, 120, 1, 0, 60.19%, 2, 0, 11, 44345.55, 12585597, 65, 8, 0
293, 868, 117, 120, 1, 0, 60.19%, 2, 0, 11, 44981.21, 12813297, 65, 8, 0
298, 883, 110, 120, 1, 0, 60.19%, 2, 0, 11, 45044.94, 13040785, 65, 8, 0
303, 899, 93, 120, 1, 0, 60.19%, 2, 0, 11, 45000.74, 13268234, 65, 8, 0
306, 907, 117, 120, 1, 0, 60.19%, 2, 0, 11, 45118.13, 13398679, 65, 9, 0
